19389
77315
97
2068
11776
67258
10150
82345
5689
17135
44715
1081
24123
5458
4418
6157
47001
6522
16857
19914
61004
16776
28641
46370
6322
828
42425
10703
12793
406
26632
30175
17837
969
7928
115
116
115
1778
86
85
85
16349
126877
397
52760
14834
647
23354
14747
3144
7069
7654
438
21538
1454
42846
284
1987
3657
469
1152
1109
1415
851
561
90571
24162
2388
81575
1079
2610
2302
39850
788
73881
15593
5727
2949
73
87449
155
1070
4242
4162
6492
865
25414
44661
75314
7267
16838
2109
320
428
2677
53297
70
70
505
1036
8721
13610
49060
5913
71
16120
3316
9778
2980
1711
44047
3297
17073
37949
2663
14566
38602
4165
17621
103489
37654
11133
17796
35418
40944
9296
2451
8949
29359
223
81
73
7049
34019
73
80
80
73
86
80
79
73
72
80
73
71
79
72
80
80
80
74
78
73
72
80
79
71
72
171
16106
57694
7518
4129
3721
96823
9895
9632
