16734
4636
1781
623
7483
5157
653
33483
35112
1050
16404
324
4715
2411
1604
1465
339
21404
17244
14305
758
3517
20449
1688
1658
1328
12762
53325
5166
1600
1857
9849
1452
1013
6720
531
924
287
5533
537
1289
662
1410
393
42171
12460
1473
1513
54568
4061
2432
467
11068
217
2703
1511
1337
637
542
1687
1998
2617
256
766
5782
1104
449
545
7407
185
402
844
1666
3455
12871
22020
51335
8973
3957
190
32982
1227
5887
2235
725
1590
9096
6967
383
14405
52828
8024
11710
12518
4150
198
691
11844
11392
3112
18405
19303
31983
12947
3249
39379
10954
4044
2303
34586
10156
16238
1338
53759
3292
12423
691
12372
1194
3654
12760
53182
5379
8728
73171
16919
441
106007
915
5103
330
15488
135298
29381
184
26849
11867
10165
2073
1505
1438
11522
10195
216
11432
17282
18405
15202
1187
10547
3567
168
139
191
48947
141067
5778
27653
1283
4638
5967
13971
21664
7108
22221
6242
5821
30215
3540
26394
400
61412
773
3963
48945
24617
6456
47054
23209
27157
231
228
53201
48381
157
810
803
15467
8236
8985
2048
394
168
1616
9906
37605
283
30403
7482
1889
